{
  "summary": {
    "num_prompts_evaluated": 100,
    "ari_mean": 0.9705870522575004,
    "ari_std": 0.12571648302544816,
    "ari_median": 1.0,
    "nmi_mean": 0.9778860031069735,
    "nmi_std": 0.0991260499348536,
    "nmi_median": 1.0,
    "v_measure_mean": 0.9778860031069735,
    "v_measure_std": 0.09912604993485362,
    "v_measure_median": 1.0,
    "fmi_mean": 0.9837673924629193,
    "fmi_std": 0.0685361029010606,
    "fmi_median": 1.0
  },
  "results": [
    {
      "id": "curated-32",
      "num_responses": 10,
      "num_true_partitions": 1,
      "num_pred_partitions": 1,
      "ari": 1.0,
      "nmi": 1.0,
      "v_measure": 1.0,
      "fmi": 1.0,
      "true_partitions": [
        0,
        0,
        0,
        0,
        0,
        0,
        0,
        0,
        0,
        0
      ],
      "pred_partitions": [
        1,
        1,
        1,
        1,
        1,
        1,
        1,
        1,
        1,
        1
      ],
      "similarity_matrix": [
        [
          1.0,
          0.9999861717224121,
          0.9999864101409912,
          0.9999853372573853,
          0.9999855756759644,
          0.9999862909317017,
          0.9999852180480957,
          0.9999858140945435,
          0.9999854564666748,
          0.999985933303833
        ],
        [
          0.9999861717224121,
          1.0,
          0.9999864101409912,
          0.9999856948852539,
          0.9999853372573853,
          0.9999862909317017,
          0.9999855756759644,
          0.9999855756759644,
          0.9999855756759644,
          0.9999860525131226
        ],
        [
          0.9999864101409912,
          0.9999864101409912,
          1.0,
          0.9999858140945435,
          0.9999855756759644,
          0.9999862909317017,
          0.9999850988388062,
          0.9999856948852539,
          0.9999856948852539,
          0.9999860525131226
        ],
        [
          0.9999853372573853,
          0.9999856948852539,
          0.9999858140945435,
          1.0,
          0.999984860420227,
          0.9999860525131226,
          0.9999853372573853,
          0.9999850988388062,
          0.9999853372573853,
          0.9999860525131226
        ],
        [
          0.9999855756759644,
          0.9999853372573853,
          0.9999855756759644,
          0.999984860420227,
          1.0,
          0.999985933303833,
          0.9999856948852539,
          0.9999852180480957,
          0.9999862909317017,
          0.9999858140945435
        ],
        [
          0.9999862909317017,
          0.9999862909317017,
          0.9999862909317017,
          0.9999860525131226,
          0.999985933303833,
          1.0,
          0.9999854564666748,
          0.9999862909317017,
          0.999985933303833,
          0.9999860525131226
        ],
        [
          0.9999852180480957,
          0.9999855756759644,
          0.9999850988388062,
          0.9999853372573853,
          0.9999856948852539,
          0.9999854564666748,
          1.0,
          0.999984860420227,
          0.9999861717224121,
          0.9999858140945435
        ],
        [
          0.9999858140945435,
          0.9999855756759644,
          0.9999856948852539,
          0.9999850988388062,
          0.9999852180480957,
          0.9999862909317017,
          0.999984860420227,
          1.0,
          0.9999843835830688,
          0.9999854564666748
        ],
        [
          0.9999854564666748,
          0.9999855756759644,
          0.9999856948852539,
          0.9999853372573853,
          0.9999862909317017,
          0.999985933303833,
          0.9999861717224121,
          0.9999843835830688,
          1.0,
          0.9999855756759644
        ],
        [
          0.999985933303833,
          0.9999860525131226,
          0.9999860525131226,
          0.9999860525131226,
          0.9999858140945435,
          0.9999860525131226,
          0.9999858140945435,
          0.9999854564666748,
          0.9999855756759644,
          1.0
        ]
      ]
    },
    {
      "id": "curated-67",
      "num_responses": 10,
      "num_true_partitions": 1,
      "num_pred_partitions": 1,
      "ari": 1.0,
      "nmi": 1.0,
      "v_measure": 1.0,
      "fmi": 1.0,
      "true_partitions": [
        0,
        0,
        0,
        0,
        0,
        0,
        0,
        0,
        0,
        0
      ],
      "pred_partitions": [
        1,
        1,
        1,
        1,
        1,
        1,
        1,
        1,
        1,
        1
      ],
      "similarity_matrix": [
        [
          1.0,
          0.9999791383743286,
          0.9999791383743286,
          0.9999791383743286,
          0.9999791383743286,
          0.9999791383743286,
          0.9999791383743286,
          0.9999791383743286,
          0.9999791383743286,
          0.9999791383743286
        ],
        [
          0.9999791383743286,
          1.0,
          0.9999791383743286,
          0.9999791383743286,
          0.9999791383743286,
          0.9999791383743286,
          0.9999791383743286,
          0.9999791383743286,
          0.9999791383743286,
          0.9999791383743286
        ],
        [
          0.9999791383743286,
          0.9999791383743286,
          1.0,
          0.9999791383743286,
          0.9999791383743286,
          0.9999791383743286,
          0.9999791383743286,
          0.9999791383743286,
          0.9999791383743286,
          0.9999791383743286
        ],
        [
          0.9999791383743286,
          0.9999791383743286,
          0.9999791383743286,
          1.0,
          0.9999791383743286,
          0.9999791383743286,
          0.9999791383743286,
          0.9999791383743286,
          0.9999791383743286,
          0.9999791383743286
        ],
        [
          0.9999791383743286,
          0.9999791383743286,
          0.9999791383743286,
          0.9999791383743286,
          1.0,
          0.9999791383743286,
          0.9999791383743286,
          0.9999791383743286,
          0.9999791383743286,
          0.9999791383743286
        ],
        [
          0.9999791383743286,
          0.9999791383743286,
          0.9999791383743286,
          0.9999791383743286,
          0.9999791383743286,
          1.0,
          0.9999791383743286,
          0.9999791383743286,
          0.9999791383743286,
          0.9999791383743286
        ],
        [
          0.9999791383743286,
          0.9999791383743286,
          0.9999791383743286,
          0.9999791383743286,
          0.9999791383743286,
          0.9999791383743286,
          1.0,
          0.9999791383743286,
          0.9999791383743286,
          0.9999791383743286
        ],
        [
          0.9999791383743286,
          0.9999791383743286,
          0.9999791383743286,
          0.9999791383743286,
          0.9999791383743286,
          0.9999791383743286,
          0.9999791383743286,
          1.0,
          0.9999791383743286,
          0.9999791383743286
        ],
        [
          0.9999791383743286,
          0.9999791383743286,
          0.9999791383743286,
          0.9999791383743286,
          0.9999791383743286,
          0.9999791383743286,
          0.9999791383743286,
          0.9999791383743286,
          1.0,
          0.9999791383743286
        ],
        [
          0.9999791383743286,
          0.9999791383743286,
          0.9999791383743286,
          0.9999791383743286,
          0.9999791383743286,
          0.9999791383743286,
          0.9999791383743286,
          0.9999791383743286,
          0.9999791383743286,
          1.0
        ]
      ]
    },
    {
      "id": "curated-18",
      "num_responses": 10,
      "num_true_partitions": 1,
      "num_pred_partitions": 1,
      "ari": 1.0,
      "nmi": 1.0,
      "v_measure": 1.0,
      "fmi": 1.0,
      "true_partitions": [
        0,
        0,
        0,
        0,
        0,
        0,
        0,
        0,
        0,
        0
      ],
      "pred_partitions": [
        1,
        1,
        1,
        1,
        1,
        1,
        1,
        1,
        1,
        1
      ],
      "similarity_matrix": [
        [
          1.0,
          0.999984622001648,
          0.9999809265136719,
          0.9999843835830688,
          0.9999780654907227,
          0.9999845027923584,
          0.9999853372573853,
          0.999985933303833,
          0.9999768733978271,
          0.9999860525131226
        ],
        [
          0.999984622001648,
          1.0,
          0.9999854564666748,
          0.999985933303833,
          0.9999853372573853,
          0.9999855756759644,
          0.9999861717224121,
          0.999985933303833,
          0.9999845027923584,
          0.9999854564666748
        ],
        [
          0.9999809265136719,
          0.9999854564666748,
          1.0,
          0.9999860525131226,
          0.9999861717224121,
          0.9999856948852539,
          0.9999860525131226,
          0.9999814033508301,
          0.999984622001648,
          0.9999842643737793
        ],
        [
          0.9999843835830688,
          0.999985933303833,
          0.9999860525131226,
          1.0,
          0.999984860420227,
          0.9999860525131226,
          0.9999862909317017,
          0.9999788999557495,
          0.9999864101409912,
          0.9999856948852539
        ],
        [
          0.9999780654907227,
          0.9999853372573853,
          0.9999861717224121,
          0.999984860420227,
          1.0,
          0.999984622001648,
          0.9999850988388062,
          0.9999808073043823,
          0.9999841451644897,
          0.9999825954437256
        ],
        [
          0.9999845027923584,
          0.9999855756759644,
          0.9999856948852539,
          0.9999860525131226,
          0.999984622001648,
          1.0,
          0.999985933303833,
          0.9999821186065674,
          0.9999825954437256,
          0.999969482421875
        ],
        [
          0.9999853372573853,
          0.9999861717224121,
          0.9999860525131226,
          0.9999862909317017,
          0.9999850988388062,
          0.999985933303833,
          1.0,
          0.999984622001648,
          0.999984622001648,
          0.9999812841415405
        ],
        [
          0.999985933303833,
          0.999985933303833,
          0.9999814033508301,
          0.9999788999557495,
          0.9999808073043823,
          0.9999821186065674,
          0.999984622001648,
          1.0,
          0.9999762773513794,
          0.9999842643737793
        ],
        [
          0.9999768733978271,
          0.9999845027923584,
          0.999984622001648,
          0.9999864101409912,
          0.9999841451644897,
          0.9999825954437256,
          0.999984622001648,
          0.9999762773513794,
          1.0,
          0.9999792575836182
        ],
        [
          0.9999860525131226,
          0.9999854564666748,
          0.9999842643737793,
          0.9999856948852539,
          0.9999825954437256,
          0.999969482421875,
          0.9999812841415405,
          0.9999842643737793,
          0.9999792575836182,
          1.0
        ]
      ]
    },
    {
      "id": "curated-83",
      "num_responses": 10,
      "num_true_partitions": 1,
      "num_pred_partitions": 1,
      "ari": 1.0,
      "nmi": 1.0,
      "v_measure": 1.0,
      "fmi": 1.0,
      "true_partitions": [
        0,
        0,
        0,
        0,
        0,
        0,
        0,
        0,
        0,
        0
      ],
      "pred_partitions": [
        1,
        1,
        1,
        1,
        1,
        1,
        1,
        1,
        1,
        1
      ],
      "similarity_matrix": [
        [
          1.0,
          0.9999862909317017,
          0.9999861717224121,
          0.9999818801879883,
          0.9999860525131226,
          0.9999861717224121,
          0.9999852180480957,
          0.9999862909317017,
          0.9999861717224121,
          0.9999862909317017
        ],
        [
          0.9999862909317017,
          1.0,
          0.9999861717224121,
          0.9999818801879883,
          0.9999860525131226,
          0.9999861717224121,
          0.9999852180480957,
          0.9999862909317017,
          0.9999861717224121,
          0.9999862909317017
        ],
        [
          0.9999861717224121,
          0.9999861717224121,
          1.0,
          0.9999854564666748,
          0.9999866485595703,
          0.9999864101409912,
          0.9999853372573853,
          0.9999865293502808,
          0.9999866485595703,
          0.9999864101409912
        ],
        [
          0.9999818801879883,
          0.9999818801879883,
          0.9999854564666748,
          1.0,
          0.9999834299087524,
          0.9999587535858154,
          0.9999796152114868,
          0.9999735355377197,
          0.9999833106994629,
          0.9999619722366333
        ],
        [
          0.9999860525131226,
          0.9999860525131226,
          0.9999866485595703,
          0.9999834299087524,
          1.0,
          0.9999862909317017,
          0.9999853372573853,
          0.9999866485595703,
          0.9999865293502808,
          0.9999865293502808
        ],
        [
          0.9999861717224121,
          0.9999861717224121,
          0.9999864101409912,
          0.9999587535858154,
          0.9999862909317017,
          1.0,
          0.9999852180480957,
          0.9999862909317017,
          0.9999861717224121,
          0.9999862909317017
        ],
        [
          0.9999852180480957,
          0.9999852180480957,
          0.9999853372573853,
          0.9999796152114868,
          0.9999853372573853,
          0.9999852180480957,
          1.0,
          0.9999812841415405,
          0.9999827146530151,
          0.9999804496765137
        ],
        [
          0.9999862909317017,
          0.9999862909317017,
          0.9999865293502808,
          0.9999735355377197,
          0.9999866485595703,
          0.9999862909317017,
          0.9999812841415405,
          1.0,
          0.9999861717224121,
          0.9999864101409912
        ],
        [
          0.9999861717224121,
          0.9999861717224121,
          0.9999866485595703,
          0.9999833106994629,
          0.9999865293502808,
          0.9999861717224121,
          0.9999827146530151,
          0.9999861717224121,
          1.0,
          0.9999864101409912
        ],
        [
          0.9999862909317017,
          0.9999862909317017,
          0.9999864101409912,
          0.9999619722366333,
          0.9999865293502808,
          0.9999862909317017,
          0.9999804496765137,
          0.9999864101409912,
          0.9999864101409912,
          1.0
        ]
      ]
    },
    {
      "id": "curated-1",
      "num_responses": 10,
      "num_true_partitions": 2,
      "num_pred_partitions": 2,
      "ari": 1.0,
      "nmi": 1.0,
      "v_measure": 1.0,
      "fmi": 1.0,
      "true_partitions": [
        0,
        1,
        0,
        0,
        0,
        0,
        1,
        0,
        0,
        0
      ],
      "pred_partitions": [
        1,
        2,
        1,
        1,
        1,
        1,
        2,
        1,
        1,
        1
      ],
      "similarity_matrix": [
        [
          1.0,
          0.0029772594571113586,
          0.9999860525131226,
          0.9999855756759644,
          0.9999867677688599,
          0.9999861717224121,
          0.0010841721668839455,
          0.9999855756759644,
          0.9999860525131226,
          0.9999411106109619
        ],
        [
          0.0029772594571113586,
          1.0,
          0.006910503841936588,
          0.004340945277363062,
          0.008903814479708672,
          0.009479590691626072,
          0.04762320965528488,
          0.0045883129350841045,
          0.002935337135568261,
          0.04435551166534424
        ],
        [
          0.9999860525131226,
          0.006910503841936588,
          1.0,
          0.9999868869781494,
          0.9999831914901733,
          0.9999854564666748,
          0.0015433421358466148,
          0.9999852180480957,
          0.9999861717224121,
          0.9999455213546753
        ],
        [
          0.9999855756759644,
          0.004340945277363062,
          0.9999868869781494,
          1.0,
          0.9999817609786987,
          0.9999841451644897,
          0.0017439613584429026,
          0.9999842643737793,
          0.9999858140945435,
          0.9999120235443115
        ],
        [
          0.9999867677688599,
          0.008903814479708672,
          0.9999831914901733,
          0.9999817609786987,
          1.0,
          0.9999864101409912,
          0.0010836058063432574,
          0.9999852180480957,
          0.9999860525131226,
          0.999874472618103
        ],
        [
          0.9999861717224121,
          0.009479590691626072,
          0.9999854564666748,
          0.9999841451644897,
          0.9999864101409912,
          1.0,
          0.0011930714827030897,
          0.9999858140945435,
          0.9999860525131226,
          0.9999840259552002
        ],
        [
          0.0010841721668839455,
          0.04762320965528488,
          0.0015433421358466148,
          0.0017439613584429026,
          0.0010836058063432574,
          0.0011930714827030897,
          1.0,
          0.005718923639506102,
          0.003594005713239312,
          0.015087898820638657
        ],
        [
          0.9999855756759644,
          0.0045883129350841045,
          0.9999852180480957,
          0.9999842643737793,
          0.9999852180480957,
          0.9999858140945435,
          0.005718923639506102,
          1.0,
          0.9999860525131226,
          0.9999139308929443
        ],
        [
          0.9999860525131226,
          0.002935337135568261,
          0.9999861717224121,
          0.9999858140945435,
          0.9999860525131226,
          0.9999860525131226,
          0.003594005713239312,
          0.9999860525131226,
          1.0,
          0.9999659061431885
        ],
        [
          0.9999411106109619,
          0.04435551166534424,
          0.9999455213546753,
          0.9999120235443115,
          0.999874472618103,
          0.9999840259552002,
          0.015087898820638657,
          0.9999139308929443,
          0.9999659061431885,
          1.0
        ]
      ]
    },
    {
      "id": "curated-88",
      "num_responses": 10,
      "num_true_partitions": 1,
      "num_pred_partitions": 1,
      "ari": 1.0,
      "nmi": 1.0,
      "v_measure": 1.0,
      "fmi": 1.0,
      "true_partitions": [
        0,
        0,
        0,
        0,
        0,
        0,
        0,
        0,
        0,
        0
      ],
      "pred_partitions": [
        1,
        1,
        1,
        1,
        1,
        1,
        1,
        1,
        1,
        1
      ],
      "similarity_matrix": [
        [
          1.0,
          0.9999847412109375,
          0.9999847412109375,
          0.9999847412109375,
          0.9999847412109375,
          0.9999847412109375,
          0.9999847412109375,
          0.9999847412109375,
          0.9999847412109375,
          0.9999847412109375
        ],
        [
          0.9999847412109375,
          1.0,
          0.9999847412109375,
          0.9999847412109375,
          0.9999847412109375,
          0.9999847412109375,
          0.9999847412109375,
          0.9999847412109375,
          0.9999847412109375,
          0.9999847412109375
        ],
        [
          0.9999847412109375,
          0.9999847412109375,
          1.0,
          0.9999847412109375,
          0.9999847412109375,
          0.9999847412109375,
          0.9999847412109375,
          0.9999847412109375,
          0.9999847412109375,
          0.9999847412109375
        ],
        [
          0.9999847412109375,
          0.9999847412109375,
          0.9999847412109375,
          1.0,
          0.9999847412109375,
          0.9999847412109375,
          0.9999847412109375,
          0.9999847412109375,
          0.9999847412109375,
          0.9999847412109375
        ],
        [
          0.9999847412109375,
          0.9999847412109375,
          0.9999847412109375,
          0.9999847412109375,
          1.0,
          0.9999847412109375,
          0.9999847412109375,
          0.9999847412109375,
          0.9999847412109375,
          0.9999847412109375
        ],
        [
          0.9999847412109375,
          0.9999847412109375,
          0.9999847412109375,
          0.9999847412109375,
          0.9999847412109375,
          1.0,
          0.9999847412109375,
          0.9999847412109375,
          0.9999847412109375,
          0.9999847412109375
        ],
        [
          0.9999847412109375,
          0.9999847412109375,
          0.9999847412109375,
          0.9999847412109375,
          0.9999847412109375,
          0.9999847412109375,
          1.0,
          0.9999847412109375,
          0.9999847412109375,
          0.9999847412109375
        ],
        [
          0.9999847412109375,
          0.9999847412109375,
          0.9999847412109375,
          0.9999847412109375,
          0.9999847412109375,
          0.9999847412109375,
          0.9999847412109375,
          1.0,
          0.9999847412109375,
          0.9999847412109375
        ],
        [
          0.9999847412109375,
          0.9999847412109375,
          0.9999847412109375,
          0.9999847412109375,
          0.9999847412109375,
          0.9999847412109375,
          0.9999847412109375,
          0.9999847412109375,
          1.0,
          0.9999847412109375
        ],
        [
          0.9999847412109375,
          0.9999847412109375,
          0.9999847412109375,
          0.9999847412109375,
          0.9999847412109375,
          0.9999847412109375,
          0.9999847412109375,
          0.9999847412109375,
          0.9999847412109375,
          1.0
        ]
      ]
    },
    {
      "id": "curated-40",
      "num_responses": 10,
      "num_true_partitions": 5,
      "num_pred_partitions": 5,
      "ari": 1.0,
      "nmi": 1.0,
      "v_measure": 1.0,
      "fmi": 1.0,
      "true_partitions": [
        0,
        1,
        0,
        0,
        2,
        3,
        4,
        2,
        0,
        0
      ],
      "pred_partitions": [
        1,
        3,
        1,
        1,
        2,
        4,
        5,
        2,
        1,
        1
      ],
      "similarity_matrix": [
        [
          1.0,
          0.001094955950975418,
          0.9999769926071167,
          0.9998929500579834,
          0.001530201523564756,
          0.0015163883799687028,
          0.001628197729587555,
          0.0013796166749671102,
          0.9999840259552002,
          0.9999842643737793
        ],
        [
          0.001094955950975418,
          1.0,
          0.0017610950162634254,
          0.0019457392627373338,
          0.0020653423853218555,
          0.0013934869784861803,
          0.0016788640059530735,
          0.002190561033785343,
          0.001674450351856649,
          0.0017760839546099305
        ],
        [
          0.9999769926071167,
          0.0017610950162634254,
          1.0,
          0.9999719858169556,
          0.0015283244429156184,
          0.0017747975653037429,
          0.001701938803307712,
          0.0013413988053798676,
          0.9999861717224121,
          0.9999827146530151
        ],
        [
          0.9998929500579834,
          0.0019457392627373338,
          0.9999719858169556,
          1.0,
          0.0008773123263381422,
          0.0010977905476465821,
          0.0010879728943109512,
          0.0008846413111314178,
          0.9998825788497925,
          0.9998034834861755
        ],
        [
          0.001530201523564756,
          0.0020653423853218555,
          0.0015283244429156184,
          0.0008773123263381422,
          1.0,
          0.0013974594185128808,
          0.001530035980977118,
          0.9999605417251587,
          0.0010679103434085846,
          0.001243625651113689
        ],
        [
          0.0015163883799687028,
          0.0013934869784861803,
          0.0017747975653037429,
          0.0010977905476465821,
          0.0013974594185128808,
          1.0,
          0.0015754549531266093,
          0.001338548376224935,
          0.0012213664595037699,
          0.001432896824553609
        ],
        [
          0.001628197729587555,
          0.0016788640059530735,
          0.001701938803307712,
          0.0010879728943109512,
          0.001530035980977118,
          0.0015754549531266093,
          1.0,
          0.001192914554849267,
          0.0010036039166152477,
          0.001025351113639772
        ],
        [
          0.0013796166749671102,
          0.002190561033785343,
          0.0013413988053798676,
          0.0008846413111314178,
          0.9999605417251587,
          0.001338548376224935,
          0.001192914554849267,
          1.0,
          0.0009925946360453963,
          0.0010616391664370894
        ],
        [
          0.9999840259552002,
          0.001674450351856649,
          0.9999861717224121,
          0.9998825788497925,
          0.0010679103434085846,
          0.0012213664595037699,
          0.0010036039166152477,
          0.0009925946360453963,
          1.0,
          0.9999845027923584
        ],
        [
          0.9999842643737793,
          0.0017760839546099305,
          0.9999827146530151,
          0.9998034834861755,
          0.001243625651113689,
          0.001432896824553609,
          0.001025351113639772,
          0.0010616391664370894,
          0.9999845027923584,
          1.0
        ]
      ]
    },
    {
      "id": "curated-74",
      "num_responses": 10,
      "num_true_partitions": 1,
      "num_pred_partitions": 1,
      "ari": 1.0,
      "nmi": 1.0,
      "v_measure": 1.0,
      "fmi": 1.0,
      "true_partitions": [
        0,
        0,
        0,
        0,
        0,
        0,
        0,
        0,
        0,
        0
      ],
      "pred_partitions": [
        1,
        1,
        1,
        1,
        1,
        1,
        1,
        1,
        1,
        1
      ],
      "similarity_matrix": [
        [
          1.0,
          0.9999847412109375,
          0.9999847412109375,
          0.9999847412109375,
          0.9999847412109375,
          0.9999847412109375,
          0.9999847412109375,
          0.9999847412109375,
          0.9999847412109375,
          0.9999847412109375
        ],
        [
          0.9999847412109375,
          1.0,
          0.9999847412109375,
          0.9999847412109375,
          0.9999847412109375,
          0.9999847412109375,
          0.9999847412109375,
          0.9999847412109375,
          0.9999847412109375,
          0.9999847412109375
        ],
        [
          0.9999847412109375,
          0.9999847412109375,
          1.0,
          0.9999847412109375,
          0.9999847412109375,
          0.9999847412109375,
          0.9999847412109375,
          0.9999847412109375,
          0.9999847412109375,
          0.9999847412109375
        ],
        [
          0.9999847412109375,
          0.9999847412109375,
          0.9999847412109375,
          1.0,
          0.9999847412109375,
          0.9999847412109375,
          0.9999847412109375,
          0.9999847412109375,
          0.9999847412109375,
          0.9999847412109375
        ],
        [
          0.9999847412109375,
          0.9999847412109375,
          0.9999847412109375,
          0.9999847412109375,
          1.0,
          0.9999847412109375,
          0.9999847412109375,
          0.9999847412109375,
          0.9999847412109375,
          0.9999847412109375
        ],
        [
          0.9999847412109375,
          0.9999847412109375,
          0.9999847412109375,
          0.9999847412109375,
          0.9999847412109375,
          1.0,
          0.9999847412109375,
          0.9999847412109375,
          0.9999847412109375,
          0.9999847412109375
        ],
        [
          0.9999847412109375,
          0.9999847412109375,
          0.9999847412109375,
          0.9999847412109375,
          0.9999847412109375,
          0.9999847412109375,
          1.0,
          0.9999847412109375,
          0.9999847412109375,
          0.9999847412109375
        ],
        [
          0.9999847412109375,
          0.9999847412109375,
          0.9999847412109375,
          0.9999847412109375,
          0.9999847412109375,
          0.9999847412109375,
          0.9999847412109375,
          1.0,
          0.9999847412109375,
          0.9999847412109375
        ],
        [
          0.9999847412109375,
          0.9999847412109375,
          0.9999847412109375,
          0.9999847412109375,
          0.9999847412109375,
          0.9999847412109375,
          0.9999847412109375,
          0.9999847412109375,
          1.0,
          0.9999847412109375
        ],
        [
          0.9999847412109375,
          0.9999847412109375,
          0.9999847412109375,
          0.9999847412109375,
          0.9999847412109375,
          0.9999847412109375,
          0.9999847412109375,
          0.9999847412109375,
          0.9999847412109375,
          1.0
        ]
      ]
    },
    {
      "id": "curated-28",
      "num_responses": 10,
      "num_true_partitions": 2,
      "num_pred_partitions": 2,
      "ari": 1.0,
      "nmi": 1.0,
      "v_measure": 1.0,
      "fmi": 1.0,
      "true_partitions": [
        0,
        1,
        1,
        1,
        0,
        1,
        1,
        1,
        0,
        1
      ],
      "pred_partitions": [
        1,
        2,
        2,
        2,
        1,
        2,
        2,
        2,
        1,
        2
      ],
      "similarity_matrix": [
        [
          1.0,
          0.0004587970324791968,
          0.00040705225546844304,
          0.00040705225546844304,
          0.9999849796295166,
          0.00040705225546844304,
          0.0004623277927748859,
          0.00040705225546844304,
          0.9999849796295166,
          0.00040705225546844304
        ],
        [
          0.0004587970324791968,
          1.0,
          0.9999635219573975,
          0.9999635219573975,
          0.0004009268304798752,
          0.9999635219573975,
          0.9999825954437256,
          0.9999635219573975,
          0.0004009268304798752,
          0.9999635219573975
        ],
        [
          0.00040705225546844304,
          0.9999635219573975,
          1.0,
          0.9999850988388062,
          0.0003713032929226756,
          0.9999850988388062,
          0.9999830722808838,
          0.9999850988388062,
          0.0003713032929226756,
          0.9999850988388062
        ],
        [
          0.00040705225546844304,
          0.9999635219573975,
          0.9999850988388062,
          1.0,
          0.0003713032929226756,
          0.9999850988388062,
          0.9999830722808838,
          0.9999850988388062,
          0.0003713032929226756,
          0.9999850988388062
        ],
        [
          0.9999849796295166,
          0.0004009268304798752,
          0.0003713032929226756,
          0.0003713032929226756,
          1.0,
          0.00040705225546844304,
          0.0004623277927748859,
          0.00040705205174162984,
          0.9999849796295166,
          0.00040705205174162984
        ],
        [
          0.00040705225546844304,
          0.9999635219573975,
          0.9999850988388062,
          0.9999850988388062,
          0.00040705225546844304,
          1.0,
          0.9999830722808838,
          0.9999850988388062,
          0.0003713036421686411,
          0.9999850988388062
        ],
        [
          0.0004623277927748859,
          0.9999825954437256,
          0.9999830722808838,
          0.9999830722808838,
          0.0004623277927748859,
          0.9999830722808838,
          1.0,
          0.9999827146530151,
          0.0003949997771997005,
          0.9999827146530151
        ],
        [
          0.00040705225546844304,
          0.9999635219573975,
          0.9999850988388062,
          0.9999850988388062,
          0.00040705205174162984,
          0.9999850988388062,
          0.9999827146530151,
          1.0,
          0.0003713036421686411,
          0.9999850988388062
        ],
        [
          0.9999849796295166,
          0.0004009268304798752,
          0.0003713032929226756,
          0.0003713032929226756,
          0.9999849796295166,
          0.0003713036421686411,
          0.0003949997771997005,
          0.0003713036421686411,
          1.0,
          0.00040705205174162984
        ],
        [
          0.00040705225546844304,
          0.9999635219573975,
          0.9999850988388062,
          0.9999850988388062,
          0.00040705205174162984,
          0.9999850988388062,
          0.9999827146530151,
          0.9999850988388062,
          0.00040705205174162984,
          1.0
        ]
      ]
    },
    {
      "id": "curated-5",
      "num_responses": 10,
      "num_true_partitions": 2,
      "num_pred_partitions": 2,
      "ari": 1.0,
      "nmi": 1.0,
      "v_measure": 1.0,
      "fmi": 1.0,
      "true_partitions": [
        0,
        1,
        1,
        0,
        0,
        0,
        0,
        0,
        1,
        0
      ],
      "pred_partitions": [
        2,
        1,
        1,
        2,
        2,
        2,
        2,
        2,
        1,
        2
      ],
      "similarity_matrix": [
        [
          1.0,
          0.0004984211409464478,
          0.0005139927379786968,
          0.9999864101409912,
          0.9999853372573853,
          0.9999841451644897,
          0.9999852180480957,
          0.999982476234436,
          0.0005149180651642382,
          0.9999828338623047
        ],
        [
          0.0004984211409464478,
          1.0,
          0.9999808073043823,
          0.0005600334843620658,
          0.0005703347851522267,
          0.0005498824175447226,
          0.0006211847066879272,
          0.0006147695239633322,
          0.9999810457229614,
          0.0005470982287079096
        ],
        [
          0.0005139927379786968,
          0.9999808073043823,
          1.0,
          0.0004357247962616384,
          0.00044640625128522515,
          0.00041242362931370735,
          0.00046578326146118343,
          0.0004822023620363325,
          0.9999862909317017,
          0.00046457783901132643
        ],
        [
          0.9999864101409912,
          0.0005600334843620658,
          0.0004357247962616384,
          1.0,
          0.9999842643737793,
          0.999984622001648,
          0.9999850988388062,
          0.9999817609786987,
          0.0005136491963639855,
          0.999982476234436
        ],
        [
          0.9999853372573853,
          0.0005703347851522267,
          0.00044640625128522515,
          0.9999842643737793,
          1.0,
          0.9999665021896362,
          0.9999862909317017,
          0.9999843835830688,
          0.0005447104340419173,
          0.9999855756759644
        ],
        [
          0.9999841451644897,
          0.0005498824175447226,
          0.00041242362931370735,
          0.999984622001648,
          0.9999665021896362,
          1.0,
          0.9999828338623047,
          0.9999771118164062,
          0.0005141299916431308,
          0.999968409538269
        ],
        [
          0.9999852180480957,
          0.0006211847066879272,
          0.00046578326146118343,
          0.9999850988388062,
          0.9999862909317017,
          0.9999828338623047,
          1.0,
          0.9999852180480957,
          0.0005778788472525775,
          0.9999837875366211
        ],
        [
          0.999982476234436,
          0.0006147695239633322,
          0.0004822023620363325,
          0.9999817609786987,
          0.9999843835830688,
          0.9999771118164062,
          0.9999852180480957,
          1.0,
          0.000667269981931895,
          0.9999783039093018
        ],
        [
          0.0005149180651642382,
          0.9999810457229614,
          0.9999862909317017,
          0.0005136491963639855,
          0.0005447104340419173,
          0.0005141299916431308,
          0.0005778788472525775,
          0.000667269981931895,
          1.0,
          0.0004612555494531989
        ],
        [
          0.9999828338623047,
          0.0005470982287079096,
          0.00046457783901132643,
          0.999982476234436,
          0.9999855756759644,
          0.999968409538269,
          0.9999837875366211,
          0.9999783039093018,
          0.0004612555494531989,
          1.0
        ]
      ]
    },
    {
      "id": "curated-96",
      "num_responses": 10,
      "num_true_partitions": 2,
      "num_pred_partitions": 2,
      "ari": 1.0,
      "nmi": 1.0,
      "v_measure": 1.0,
      "fmi": 1.0,
      "true_partitions": [
        0,
        1,
        0,
        0,
        1,
        0,
        0,
        0,
        0,
        0
      ],
      "pred_partitions": [
        1,
        2,
        1,
        1,
        2,
        1,
        1,
        1,
        1,
        1
      ],
      "similarity_matrix": [
        [
          1.0,
          0.0003906566125806421,
          0.9999818801879883,
          0.9999662637710571,
          0.00041972173494286835,
          0.9999792575836182,
          0.9999821186065674,
          0.9999792575836182,
          0.9999821186065674,
          0.9999818801879883
        ],
        [
          0.0003906566125806421,
          1.0,
          0.0003900652809534222,
          0.0003607303078752011,
          0.9999457597732544,
          0.0003730309836100787,
          0.0003543219936545938,
          0.0003730309836100787,
          0.0003543219936545938,
          0.0003900652809534222
        ],
        [
          0.9999818801879883,
          0.0003900652809534222,
          1.0,
          0.9997666478157043,
          0.0004057340556755662,
          0.9999833106994629,
          0.9999845027923584,
          0.9999833106994629,
          0.9999845027923584,
          0.9999834299087524
        ],
        [
          0.9999662637710571,
          0.0003607303078752011,
          0.9997666478157043,
          1.0,
          0.0004297562118154019,
          0.9999834299087524,
          0.9999819993972778,
          0.9999834299087524,
          0.9999819993972778,
          0.9999105930328369
        ],
        [
          0.00041972173494286835,
          0.9999457597732544,
          0.0004057340556755662,
          0.0004297562118154019,
          1.0,
          0.00037068824167363346,
          0.0003279392549302429,
          0.00037068824167363346,
          0.0003279395750723779,
          0.0003722165711224079
        ],
        [
          0.9999792575836182,
          0.0003730309836100787,
          0.9999833106994629,
          0.9999834299087524,
          0.00037068824167363346,
          1.0,
          0.9999822378158569,
          0.9999845027923584,
          0.9999822378158569,
          0.9999805688858032
        ],
        [
          0.9999821186065674,
          0.0003543219936545938,
          0.9999845027923584,
          0.9999819993972778,
          0.0003279392549302429,
          0.9999822378158569,
          1.0,
          0.999983549118042,
          0.9999843835830688,
          0.9999840259552002
        ],
        [
          0.9999792575836182,
          0.0003730309836100787,
          0.9999833106994629,
          0.9999834299087524,
          0.00037068824167363346,
          0.9999845027923584,
          0.999983549118042,
          1.0,
          0.9999822378158569,
          0.9999805688858032
        ],
        [
          0.9999821186065674,
          0.0003543219936545938,
          0.9999845027923584,
          0.9999819993972778,
